0F
00
00
00

0F
00
00
00

0F
00
00
00

0F
00
00
00

ED
00
00
00

0F
00
00
00

0F
00
00
00

ED
10
00
04

7D
20
00
28

7D
30
00
01

7D
40
00
00

4C
51
00
00

1D
64
00
05

4C
73
00
00

8C
06
50
00


92
00
00
13

0F
00
00
00

0F
00
00
00

0C
B4
20
00

AC
0B
00
00

0F
00
00
00

0F
00
00
00

BC
90
00
00

1D
AB
00
02

0F
00
00
00

0F
00
00
00

FC
0A
90
00

8C
06
70
00

15
44
00
04

15
33
00
01

0F
00
00
00

0F
00
00
00

19
44
00
01

9E
FF
FF
E9

0F
00
00
00

0F
00
00
00

9E
FF
FF
FE

0F
00
00
00

0F
00
00
00
